0.166185124063
0.436241109703
1.9996086409
0.383247308546
1.94422165903
0.667933884645
0.054921960165
1.95802603111
0.871059137218
0.0611135537663
0.889532192275
0.0553713471564
0.70604657127
1.99450511615
2.00435433555
1.99685261467
0.666702960446
0.803382353372
0.210856808948
0.717859636357
0.0610632280217
0.0586975747182
2.03001803216
1.01259632416
0.757155920357
0.0566030183692
0.0571871499913
0.978638673436
0.684094477952
0.581632144904
0.0571664824816
0.0570203578299
0.0565504524221
0.0594188881727
0.862686170798
0.868961095977
0.384080638543
0.702152954235
0.866173592553
0.891019642606
1.98877624793
2.00513952957
0.488947545263
1.94730361336
0.869161339946
0.181183696134
0.778592543794
0.0564992517541
1.96997477128
0.885508158712
0.136350539272
2.02160867673
0.302239618512
0.371061678933
0.0592470301559
0.0531445394341
0.0594965184604
0.842405900899
0.303378220795
0.82047364344
0.0571338347203
0.0570491334493
0.0592948234257
1.93799857237
0.508992397343
0.83176245601
0.0534022233204
1.99398942428
0.889562579669
0.152470601198
0.759261680472
1.93165096867
1.97940495206
0.0534062499867
0.892188850331
0.830361169465
0.865285341751
1.96344385412
0.232752444867
0.575768669229
0.0570207022053
0.857500397185
0.0534450319617
0.0534579763391
0.0686003082468
0.868196559492
1.91342930861
0.787536257065
0.240797298863
0.827858556194
0.702433561837
0.968632710784
0.59184711554
0.0571634421053
1.99988130501
1.9639608497
0.0535168931122
0.534534865079
0.0569102983923
1.96008950986
1.99009234572
0.916911906181
0.509081977725
0.0532628035525
0.907128087009
2.02127218372
0.154527281214
0.6531530067
0.428419878703
0.922201320426
0.0535133577794
2.03054612952
2.00109147925
0.230153976204
0.369176260629
0.0568186109727
0.092557667686
0.806891310104
1.99699517612
0.809126092416
0.694124213325
1.01081071046
0.880804407436
1.91495045007
1.95632928584
0.0535077793594
0.240626954635
0.269351622338
0.539019376381
1.99732733708
1.95787310183
0.860243399711
0.0569817082408
1.99865653377
0.711501051888
1.98764600713
1.89476984224
1.96551710849
1.997618045
1.93808069595
0.637797303382
1.86744594369
1.98179978466
1.88815298353
1.99068988197
1.9964162592
0.24611287779
1.99532652058
1.93729704676
1.94317313442
1.97266485532
0.0534611760365
0.624211354979
0.139914637091
0.686920280849
2.00113468306
1.98774585277
0.800266151748
0.427233471421
1.90251931092
1.93051955226
1.99234044487
1.86647531229
1.91960092032
0.0534621167528
0.888120284821
1.88708786995
1.99134477948
1.88401572563
1.97920640312
1.97976796445
1.87391722751
1.98410630081
1.98089387659
0.394916382682
1.99822499684
1.99696322816
1.89034867588
1.98340252304
0.816614800919
1.96370682235
1.93763457439
1.98001667554
0.374586556733
1.87055354619
1.98471177535
1.98826817194
1.90109374339
0.790133148102
1.93430538415
1.95835995656
1.98663209824
1.99932652818
1.88513015191
1.99590140899
1.97090948915
1.95741575405
0.60187684708
1.89737683447
1.96577367997
1.90910108978
1.86867272138
1.99114127309
1.90318074576
1.97193042213
1.98690175657
1.99998485623
1.81924767389
0.794033215484
1.90251553413
0.75146845113
1.86561925116
1.85105330589
1.9546788048
1.92005068497
1.91865155729
1.98490085838
1.93957492501
1.93925202608
1.99658808712
1.99742139618
1.8601115929
1.98187381563
1.99147164963
0.410790041787
1.90387073022
1.90317826376
1.92133376223
1.85269386345
0.0532617279467
1.99958667621
1.89729155818
1.90260646329
1.88428284461
1.96572768031
2.0078490747
1.98199582717
1.90492776597
1.98812957767
1.95248901437
1.86400269411
1.92174846815
1.99973120526
1.910862176
1.88551025366
1.90073308683
1.97222929437
1.92463576134
1.93952860168
1.98995836924
1.99275235663
0.672290159776
1.93961524368
1.95890722092
1.90399728728
1.9130741736
1.99645402783
1.99120736092
1.99260641424
1.884770321
1.95475278686
1.99825005288
0.976445470353
1.99435536871
1.94200343616
1.9210756846
1.93898065189
1.90364256502
1.93749823852
1.996035703
0.266263021845
1.94415538902
1.8819383106
1.97014885549
1.98767638461
1.88252561779
1.98406698366
1.90116815368
1.94469526675
2.00421032151
1.99004070273
1.99860594051
1.87180815848
1.94193520577
1.97082200368
1.95385137295
1.95500351008
1.90010583991
1.97694969435
1.99511857785
0.29655471842
0.391264936432
1.94232346838
1.87914680415
1.90108452393
1.93736656573
1.86153821539
1.98572924359
1.90100316083
1.88107761576
1.90072262374
1.90584667878
1.99617187807
1.94043880754
1.97495911267
1.89575762488
1.94798398957
0.446722393361
0.154310843553
1.98764950598
1.94080406088
1.90479612612
1.98325015376
1.99723388237
1.95494012349
1.96166767398
1.89932660573
1.98559694757
1.90914912723
0.811966643037
0.290051681445
1.93772822921
1.90509688621
1.95424742775
1.90197565885
1.95308266451
0.385114014853
0.975327181909
1.99940200504
1.90778551082
1.90349496258
1.89909870682
1.97782371266
1.90689692542
0.974381499797
1.90526893975
1.97100920893
1.97579568498
1.99613232373
1.9026115836
1.98535200433
1.98868458881
1.95892895386
1.91479227739
1.90203442374
1.9985132261
1.87421038884
1.95806555168
1.96087938003
0.997364829286
1.90073438455
1.9457308063
1.90503199657
1.99388340662
1.90541543591
1.90105062847
1.90888502965
1.90588495928
1.99914024679
1.98958639945
1.90106061814
1.98571182758
1.90142155451
1.953429809
1.91101661701
1.89030500519
1.9034788645
0.682186697841
1.9641327174
1.97000442297
1.88180329786
1.89765000602
1.85531133699
1.94595678085
1.89913188083
1.90393038085
1.89906050734
1.85916896178
1.98023126327
1.90898613604
1.90875633203
1.99916216923
1.90999752422
1.89459543735
1.89876024838
0.449627408007
1.90833622044
1.89595395119
1.93830376197
1.99416304659
1.89974484552
1.90493936347
1.88378999012
1.91006489369
1.90202956111
1.9010433963
1.90014443961
1.90014495329
1.99689085952
1.88710425375
1.94010863215
1.90228957843
1.93618793421
1.90639499673
1.99604671156
1.99995508741
1.90740910581
1.94765928946
0.944404392767
1.85789214815
1.90200374231
1.90197507501
1.90496511946
1.90103423033
1.91171508999
1.8852357494
1.90707514536
1.90295122993
1.88590900144
1.88134154037
1.97859208285
1.95417382156
1.90493286909
1.90857593673
1.89816515117
1.90584706744
1.98781344094
1.90591461395
1.91059327732
1.907892158
1.91218399184
1.90254382037
1.90311487823
1.88459929215
1.99958789069
1.86002487678
1.96812188973
0.774437076222
1.90858629165
1.93276884078
1.9945746142
1.8997590197
1.90202120895
1.91146316484
1.88625283966
1.91348577346
1.99060493115
1.98260584854
1.86646320144
1.91367513566
1.93942636911
1.90438625371
1.90483513286
1.90209337896
1.89820066149
1.90009595768
1.9008748595
1.90507857723
1.90199603323
1.90104182141
0.915407237415
1.90448027302
1.90493095875
1.99001726086
1.89348589895
1.90292888181
1.90192581093
1.89931717483
1.93884027122
1.90125069605
1.90682579138
1.90164834285
1.94189043255
1.90204786396
1.90200622219
1.89528305016
1.9020217823
1.89915154078
1.90202908252
1.88064820407
1.90495357831
1.89914268185
1.95746827025
1.91852704018
1.90580822522
1.89914530096
1.95588029569
1.93950360367
1.90484152824
0.0501986051788
1.90458905331
1.88772101855
1.99813452359
1.94087123845
1.99977171224
1.90013384462
1.90110621403
1.96738932413
1.901066232
1.88061766365
1.90430233813
1.90010193862
1.90634790978
1.91340462588
1.88651917351
1.90523190963
1.91187724938
1.90106830508
1.90391641566
1.88796468969
1.89989755359
1.94753627224
1.99618625225
1.88701093562
1.90329766802
1.96374652458
1.91129205264
1.9048308417
1.90290369346
0.584209637361
1.91572798466
1.99478324376
1.90123466601
1.90496881097
1.9961182397
1.89114618699
1.99694287515
1.99847589082
1.90226818448
1.90685603674
0.944572727458
1.94004396873
1.90016986269
1.89913948776
1.86749622279
1.99639214857
1.95391492052
0.700237184978
1.90852748235
1.90297054024
2.00887671756
1.99940999375
1.95627583035
1.88541247519
0.494061423406
1.90248672506
1.90679883409
1.88636445402
1.87153603835
1.89975546378
1.9637998376
1.90977868052
1.87182229452
1.91289511052
0.451916488353
1.99432165023
1.90232927309
1.90203104115
1.95379217716
1.99605096111
1.88198791268
1.92924211869
1.99845584808
1.90096249671
1.96322700826
1.90210924304
1.87082698562
1.90687023494
1.90976656111
1.90303827494
1.90295087764
0.723599935747
1.90403045603
1.86288683512
1.90107029319
1.90117692222
1.91161627449
1.87182249379
1.9047636367
1.90025643682
0.78079703885
1.88679177422
1.90059920984
0.780022695675
1.99516217766
1.88439400224
1.89981968277
1.91217975004
1.99410508775
1.92210927557
1.99210968286
1.89051930005
1.89817257663
1.90284181826
1.90299978044
1.90112481615
1.89986343347
1.9089081044
1.90490789713
1.88824878283
1.89001537022
1.90473317937
1.94248350608
1.91166852756
1.96012620664
1.88473915745
1.90961485614
