0.74964531693
0.278038723346
0.0
0.953452695679
0.0
0.0
0.0
0.702550415237
0.880454590755
0.0
0.0
0.0
0.0
0.0
0.0
0.984317670586
0.0
0.257545851078
0.161063243687
0.0
0.0
0.0
0.0
1.99139421589
0.182147098906
0.0
0.0
0.0
0.0
0.0
0.0
0.0
1.99804872848
0.32726493802
0.0
0.465498152962
0.0443430488724
0.0
0.135876774429
0.184435582524
1.99099292636
0.0
0.0
0.0
0.0223767872372
0.0
0.991285483516
0.0
0.0
0.0860404449651
0.0
0.0
0.0
0.0
1.98782027006
0.0
0.0
0.0
0.524841965113
0.0
0.0
0.0
0.0
0.0
0.0
0.0
0.0278652530696
0.972605237438
0.0
0.0
0.0
0.675565860243
0.0
0.0
0.0
0.0
0.0
0.0
0.0
0.0
0.0
0.0
0.0
0.542693063271
1.93027030379
0.0
0.0
0.458706509544
0.0
0.0
0.0
0.300725597658
0.0
0.702257331687
0.0
0.0
0.0
0.0
0.0
1.96244350409
0.0
0.984962746232
0.0
0.543954319836
0.0
0.0
0.0
0.0
0.0
0.0
0.0
0.17420782491
0.0
0.0
0.0
0.0
0.0
0.0
0.0
0.0
0.0
0.0
0.0
0.0
0.0
0.0
0.0
0.0
0.0
0.0
0.0
0.0
0.0
0.0
0.559941890702
0.0
0.0
0.0
0.0
0.831236747315
1.95391934595
0.0
0.0
0.0
0.0
0.0
1.98301322153
0.0
0.0
0.0
0.0
0.551675280974
0.0
0.0
0.705269006256
0.948355637805
0.0
0.835626011928
0.0
1.96418445726
0.0
0.731203226438
0.0
0.0
0.792657531742
0.0
0.0
0.0
0.0886093335343
0.335744905783
0.0
0.0
0.0
0.785620724278
0.0
0.414078921624
0.0
0.0
0.526518713623
0.0
0.119225713116
0.133783760238
0.0
0.0
0.602771066985
0.483458719421
0.464547534991
1.93060260021
1.98093683056
0.545039594281
0.0
0.0
1.96037386451
0.0
0.0
0.21047717484
0.505970958231
0.0
0.0
0.0
1.98588978086
1.98142030814
0.0
1.99283678485
1.99743144341
0.0
0.0
0.0
0.0
1.98540413203
0.0
1.99898707101
1.98376328991
0.0
0.0
0.0
0.0
0.834704887217
0.0
1.87350261358
0.18086137045
0.0
0.0
0.0861029621527
1.96338286074
0.210729375135
0.0
0.511098368123
0.164491417613
1.9697940262
0.862071525572
1.9980171878
0.105166889397
0.0
0.864422372945
0.0
0.32018804405
0.539857199432
0.49526283023
0.0
0.0
0.580414353916
0.0
1.95755818296
1.95986986634
1.98473938876
0.656891518363
0.426562542962
1.90834758374
0.964665327028
1.92933277808
0.0897170785047
1.98877029023
1.97903713422
0.0
1.96747997669
0.611792596847
0.649948547165
0.0
0.524106125438
1.937005686
0.423903257957
0.0
1.99727053373
1.8358789448
0.0
0.101591367904
0.0
0.824338595622
0.403993389139
0.633781495908
1.92364157875
0.360833603636
0.647422404937
1.97241431355
0.712883453147
0.0
0.0
1.98736654385
0.0
0.0
0.641966657581
0.0
1.98394481386
0.554222631648
1.92476144918
0.464999637321
0.648071114046
0.189573631267
0.833816335818
0.39323147002
0.0
0.0
0.0
0.0
1.96022454168
0.0
0.0
0.0
0.812693663464
0.194380406383
0.847006733504
0.869844152645
0.0
0.0
1.94937202336
0.978441359042
0.0343832224273
0.50403682756
0.0
1.9328867159
0.675673629675
0.0
0.609955401536
0.764329019969
0.0
0.161153226613
0.785400798975
0.864304265968
0.93712816632
0.0
0.0
0.0
0.0
0.882980493553
0.69167175187
0.0
0.0
1.97994139698
0.0
0.811803429998
0.496236045823
0.832070360272
0.797162716236
1.9454505881
1.99853439767
0.57016151885
0.295595127984
1.86713219376
0.0
0.614604347389
0.0550751739724
0.0
0.0
0.0
0.286272982264
0.660715746139
0.508881780291
0.0
0.0
0.129409628807
0.772893220994
0.283495350713
0.0
0.0
0.0
0.762390534314
0.491486666657
0.0
0.490540639753
0.0
0.0
0.254740709998
0.74765730158
0.0
0.0
0.0
1.87725234907
1.98916576818
0.197190724923
0.851824911209
0.0
0.0
1.92332458682
0.69501328356
0.545287615797
0.654848493813
1.97682791388
0.0
1.96553339932
1.99119707145
0.706433243129
0.0
0.0
0.0
0.743037277504
0.0
0.0
0.0
1.90503707718
1.98902668644
0.0
0.340077355895
0.0
0.752006274207
0.0
0.145207017904
0.0
0.0
1.98452461899
0.614193000206
1.96201376308
0.0
1.99631661647
0.0
0.0
0.175052357458
0.572879537181
0.709710521059
0.717949118959
0.0
0.0
1.98020555448
0.383392380067
0.144858647343
0.934698508299
0.0
1.90343562781
1.91507784949
0.0
0.0
1.91901942409
0.272477889397
0.205785545727
0.0
0.0
0.16893446155
0.0
0.0
1.97223807059
0.0
0.529764212907
1.99993130298
0.278145117874
0.924155689895
0.98866433979
1.99191832056
0.251971618379
0.0
0.0
0.0
0.980901572309
0.0
0.0
0.0
0.0
0.0
0.0
0.191098649337
0.0
0.0
0.719186120246
0.0
0.0
0.772962067802
0.0
0.0
0.0
0.612896743365
0.0
0.0
0.851328723439
0.0
0.763925525061
0.512882009819
0.0549843746672
0.0
0.0
0.682110344941
0.0
0.377313887815
1.98476347359
0.0
0.0
0.0
0.32561832895
0.672609417613
0.0
1.86638174307
0.64658252169
0.603552445676
0.0
0.405008109833
0.0
0.61903027202
0.0
0.0
1.98316236523
0.0
0.0
0.773990897541
0.0
0.0
0.0
1.85762395945
0.718674278028
0.0
0.305649792425
0.131842237341
0.521933088019
0.665771721308
0.0
0.334561428415
0.0
0.0
0.0
0.0
0.0
0.0
0.0
0.0
0.0
0.0
0.0
0.0
1.96749931715
0.811934882976
0.0
1.98109298707
0.568620515812
0.840542308009
0.0
0.0
0.0
0.0
1.99805720595
0.709557628342
1.9845636896
0.0
0.0
0.0
0.173425387488
0.0
1.91595888112
0.433968403041
0.636144306374
0.28627318206
0.0
0.374611115484
0.555022417863
0.0
1.95993282248
1.8792990292
0.0
0.0
0.0
0.588734849257
0.761648568726
0.882315110169
0.176170888062
0.640818119986
0.734144841646
0.735717904436
0.0
0.0
0.0
0.954335400205
0.0
0.0
0.880017054355
0.0814978676194
0.47617929579
0.0
0.844548421166
1.87334922745
0.596629387893
0.0
0.28278337698
0.0
0.0
0.0
0.0
0.18333181677
0.683713536863
0.0
0.0
0.681032658661
1.9792147614
0.0
0.758367460097
0.0
0.504446279603
0.0
0.0
0.0648710723264
1.92298256548
1.94564014612
0.0
0.0
0.0
0.539466606778
1.93938046422
0.748561493758
0.723915529682
1.95408751916
0.0
0.257929015957
1.99876366775
0.0
0.850381173256
0.51354256025
0.0
0.0
0.0
0.0
0.0
1.99601662804
0.574987681293
0.0
0.862716374241
1.96659450541
1.98066245227
0.442022863459
0.0
0.0
1.9085194974
0.0
0.0
1.98355560767
1.87217724264
0.14188306823
0.0
0.358980128067
0.0
1.97152807874
0.0
0.690264939622
0.0
0.0450952365816
0.0
1.95414640088
0.0
0.0
0.0
1.9336081264
1.87173850751
0.638311926997
0.636534661288
0.0
1.95560542333
0.370671229279
0.0
0.457015993319
0.703079892937
0.0817513867225
1.99589142186
0.876287441449
0.2062976896
0.0
0.181180664471
0.0
1.98967026059
1.9974624371
0.0
0.0
0.947895359498
1.96795097262
0.783480267701
1.92539681569
0.0
0.0
0.848072400159
0.0
1.98019449449
0.0
0.0
0.0
0.0
1.99373346854
0.151854527636
0.307431277318
0.0
0.0
1.88081027902
0.0
0.731435657399
0.0
0.625672620454
0.0
0.0
0.530561578018
0.0
0.658687866745
1.91573581076
0.0
1.99866039673
0.0
0.0
0.0
0.0
1.86642673924
0.987659078956
0.0
0.522568332407
0.945100640638
0.0
1.98943236942
0.0
0.0
0.0
0.966077056138
0.0
1.88924239171
0.703770636199
0.298483513785
0.165624956128
0.0
0.0
1.99895335697
0.0
0.0
0.0
1.9776971766
0.0
0.989978537542
0.0
0.280919671358
0.0
0.0
0.0
0.0
0.721679813088
0.0
0.565360520511
0.0
1.83455621079
0.506128376684
0.97327238269
0.394660260702
1.92737465366
0.0
0.94626805114
1.92497566851
0.0
0.0
0.0
0.320662587088
0.966357831054
1.96383325003
0.608275192789
0.0
0.943525380668
0.0
0.0
0.0
0.0
1.89131169289
0.0
1.9971965033
1.99765661468
0.68553824644
0.0
0.0
0.0
0.0
0.0
1.96808029492
0.171325246213
1.9889137121
0.455280055836
0.774646689311
0.467653475142
0.223404885892
0.0
1.95865254138
0.0
0.0
1.95826416907
1.96565716912
1.97988428678
0.0
0.0
0.0
0.215042964681
0.0127744001954
0.37088637972
1.9190213885
0.0
1.96520066929
1.94273529521
0.47875499948
0.0
0.721549216709
0.0
0.0
0.285482424861
0.610053561403
1.81136835826
0.0
0.87827387414
0.0
0.437105201113
0.0
0.914635706575
0.0
0.19134774107
0.0
0.0
1.99332048673
0.0
0.247214084031
0.0
0.727630935041
1.96202089353
0.149143505191
0.630078857031
0.0
0.812942498721
0.341894998391
0.0
0.0
0.468815769917
0.819803533845
0.0
0.496734492074
0.0
0.156537738577
0.0
0.881603200062
0.0
0.424017629053
0.512156215175
0.294523831658
1.99400894144
1.9868322109
0.0
0.786380896694
0.0
0.985062438898
0.473319820707
1.97010784038
0.0
0.0
0.270235097841
0.0
0.0
1.99977770679
0.672881634137
0.0
1.92520944645
0.0
0.0
1.98596305597
0.0
1.96157004166
0.609886470392
0.0
0.870422586934
0.0
0.0
0.0
1.84620407402
1.99779442424
0.0
0.277797949047
0.0
0.727223184213
0.0
0.0
0.0
0.851960045509
0.744533010599
0.0
0.524991559305
0.0
0.0
0.759657390854
0.0
0.312207892595
1.99916859431
1.85611453369
0.36401313768
0.750414069349
1.99553896513
1.91244873012
0.127792827018
0.521409047816
0.623551978525
1.99794865171
0.0
1.99191364054
1.91768447135
1.9650428892
1.93984252457
0.0
0.0
0.0
0.0
0.0
0.425118467358
0.18652572477
0.0
0.0
1.96974875678
1.97133703962
0.848215176092
0.936173922513
0.0
0.486019321772
0.0
0.0
0.82877545711
0.685316532219
1.81588323989
0.0
0.0
0.142485493568
1.96021288305
0.883236868604
0.699915710775
1.99943062333
0.589391236528
1.97745553669
0.0
0.0
1.96363994439
0.0
0.883852417454
0.0
0.0
0.801662052142
0.0
0.0
0.431352789512
0.0
1.99001717982
0.0
0.0
0.0
1.9799361403
1.90031200426
0.0
0.420610058609
0.736852798195
0.862811073513
0.307883697033
0.64092176939
0.27997215919
1.95357589837
0.0
0.0
0.0
0.482374175121
1.99028845884
0.0
0.0
0.0
0.559123800751
0.834102431644
0.41165417361
0.0834539155598
0.0
0.0
0.0
0.0
0.0
1.97009000784
0.0
1.99512875001
0.555061856732
0.0
0.193769898668
1.99107363997
0.524251096552
0.0
0.998261806605
0.696087491564
1.95923788546
0.110800720482
0.0
0.0
0.0
0.559269990545
0.0
1.9957894613
0.659129291506
0.0
0.0
0.751633940987
0.0
1.89641819568
0.0
0.568489287828
0.310893307286
0.425827000736
0.788477390385
0.0893556928306
0.706760374428
1.96339381284
0.461042826237
1.95008912564
0.0
0.0863905033445
1.94810194211
0.303725158767
0.0
0.0
0.0
0.164986519813
1.95778351053
0.0
0.0
0.0
0.0
0.709497550049
1.99650994555
0.605826094296
0.0
0.0
1.92555562449
0.0
0.0
0.0
1.94662508207
0.573801806394
0.729778935308
0.394060504579
0.590567763826
0.845461497876
0.780776225213
0.0
0.110004793722
0.431732779675
0.0
0.982469143473
0.694185540704
0.0
0.159299728419
0.46862859168
0.0
0.390847067793
0.0
0.0846345039993
0.0
0.0
0.0
0.0
1.91700321921
1.99158911742
0.0
0.0
1.99485742363
0.0
0.0
0.263579770775
0.0
0.0
0.785843738116
0.0
0.0
0.737760364327
0.0
1.9687343384
0.732855745154
0.0
0.468736249039
0.141935590816
0.728655496951
0.0
0.0
0.815500087984
0.708743382505
0.674090278173
0.609701883664
0.210860440096
1.87945007155
0.382472278006
0.0
0.0
0.696843541005
0.267192536239
0.0
0.723517747263
0.397559821117
0.0
0.0
0.0
0.0
0.0
0.316388034012
0.0
0.0
1.94518505469
1.98181657304
0.0
0.0
0.625202697669
1.86269684204
1.94748633829
0.794708726485
1.98931565864
0.174835340244
0.0
0.0
1.94752959021
1.98370232756
0.820851947026
0.0
0.0
1.99316296873
0.0
0.0
0.0
1.96714208027
0.0
0.0
0.0
0.0
0.0
1.99616299148
0.0851504888301
0.0
1.97193973757
0.935859417277
0.0
1.94917634308
1.98045107062
0.0
0.0
1.88219533269
0.0
0.182386807479
0.297923534351
0.619075328492
0.471764700452
0.375578351567
0.0
0.233861800583
1.91710694624
0.0
0.0
0.0216785915315
0.0
1.83839438749
0.0
0.356651196374
0.0
0.782171135083
1.97419083032
0.0
0.0
1.93435643182
0.288393162081
0.0
0.0
0.0
0.0
0.229134589345
0.576333081232
0.0
0.767390039966
0.0
0.0
1.97403885992
0.0
0.0
1.93723724564
0.0
0.0
0.384413687153
0.0
0.0
0.229230451038
1.9504065681
1.99907869876
0.0
0.0
0.0
0.73648349341
1.99912168699
0.0
1.98182407274
0.0
0.685782905525
0.721067511986
0.541198192495
0.0
0.0
0.0
0.0
0.732132033884
0.0
0.52194783157
0.805312740204
0.0
0.0
0.667541917781
0.0
0.0
1.9926692069
0.0
1.92188524151
1.99507700633
0.957708628713
0.0
1.97122210348
0.69903728637
0.0
0.517013984895
1.99974404035
0.0
0.635115222661
0.0
0.0
0.384291793425
0.707198313224
0.598370247566
0.0
0.539545641295
0.217503333444
0.0
0.839843675999
0.0
0.5681772565
0.616475061196
0.0
0.590464824751
0.0
0.0
0.0
0.419815228492
0.0
0.0
1.82944114674
0.0
1.8064822268
0.873833767443
0.0
0.0
0.0
0.760507123599
0.0
0.0
0.0
0.0
0.0
0.393599181121
0.0
0.0
0.0
0.453213389622
0.0
0.322186954866
1.9906230387
0.0
0.0
0.620877694132
0.548128691687
0.486637851748
0.281141670159
0.728479934645
0.410152444171
0.982541705732
0.417285855292
0.0
0.0
1.99564351442
0.811254544674
1.98519578802
0.0
1.9801756852
0.0
0.892945929064
1.99799892189
0.0
1.95563990128
0.237767397776
0.0
0.720925843498
0.0
1.94325301853
0.455323616895
0.0
0.656232353096
0.0
0.0
0.0
0.0
0.0
1.93559335688
0.0
1.97645853457
0.81886400049
1.99257476014
0.0
0.0
1.93964657115
0.0
0.0
0.641429553345
0.0
0.678832561394
0.326677193889
0.0
1.99301345796
1.99130209944
0.0
0.588256712592
0.0
0.0
0.248359762726
0.0
1.9926003608
0.768143428609
0.653278082613
0.591536761679
1.9990499933
0.0
0.0
0.0
0.607872339869
0.0
0.747248490055
0.0
1.99659731811
1.85086343254
0.378881055078
1.98792798705
0.445190798075
0.0
0.383529289071
0.906027478664
0.237489255298
0.891787606349
0.0
0.0
0.0
1.9905455411
0.0
1.94623054614
0.0
0.730642300918
0.844384073552
0.0
0.0
0.0
0.0
0.137293477969
0.0
1.9899999031
0.0
1.97699809495
1.97002907229
0.0
1.96909428285
0.187874656743
1.99051582288
0.0
0.598677207945
0.0
0.71946418919
0.0
0.0
0.523262619027
0.0
0.0
0.0
0.0
0.0
1.98460923812
0.624681831722
0.0
1.91885524598
0.780240853839
0.0
0.0
0.0
0.0
0.327050708572
0.0
0.628056391723
0.0
0.0
0.0
0.0
0.169741359273
1.9992643576
1.90483666086
0.898743751559
0.0
0.34048712775
1.96763590243
1.96396273147
0.0
0.0
0.0
1.95255440789
0.906977669349
1.99490880501
0.816910711991
0.277556847058
0.13951232017
0.0
0.0
0.308108900788
0.0
0.1827330329
0.0
0.0
0.0
1.95654875096
0.0
0.0920130812948
0.0
1.85074444874
0.599332987602
0.0
0.240332827905
1.99156782755
0.0
0.0
0.0
0.0
1.99647712267
0.524640203183
1.98558962735
0.0
0.956169910402
0.787501574327
0.0294422815032
1.93597694132
0.0
1.95308592867
0.106494816628
0.81133875202
0.0
0.0
0.373908376869
0.0
0.0
0.0
0.50523061444
0.608998264909
0.0
0.0
1.99739226401
1.83220247296
0.493202922355
0.0
1.99567981455
0.0
0.648769219801
0.942257335193
1.9954170875
0.0
1.9391097395
0.341618613957
0.0
0.914527074161
0.0
0.0
0.0
0.889198886271
0.0
0.873531320972
0.321539403843
1.99863378325
0.623945431552
0.0
0.0
0.0
1.97820646961
0.0
0.625201949607
0.0
0.0
0.540502384088
1.99901189318
0.0
0.174599517855
0.0761460905749
0.0
0.0
0.0
0.091920235909
0.95724834894
0.0
0.0
1.99500457678
0.698104161188
0.146463421771
1.99429787786
0.79384764813
0.645908483959
0.0
0.883195975459
0.673461781199
1.93965919035
0.481187162665
0.161492845201
0.806005800515
0.368357379124
0.0
0.701053463106
1.97007795056
0.0
0.346022700698
0.0
0.0
0.165356784495
0.0
0.0
0.925783678828
0.585783769695
0.0
0.0
0.0
0.0
0.0
0.381416637936
1.91120880637
0.0
0.632581860058
0.0
0.0
0.409183024685
0.750928657377
0.676957374752
0.259290356741
0.0
1.99332048756
0.763255029065
0.985363675242
0.0
0.475539539072
0.0
0.0
0.789437142896
0.0
1.95037527709
1.91699668314
0.0467706341081
1.80486400269
0.0
0.0
0.0
0.0
0.781034133814
1.99685732504
0.303341563458
0.0
0.0
0.0
0.0
0.688780466168
0.0
0.0
0.0
0.0
0.0
0.0
1.93830227741
0.800790040777
1.94527802326
0.116914737061
0.0
0.383166539232
0.380084727325
0.0
0.231413536828
0.886713872474
0.889097924958
0.74266753819
0.0
0.0
0.0
0.947782163679
0.0
0.0
0.0
0.726582168595
0.404524082409
0.0
1.97035074435
0.0
0.0
1.96724434837
0.539098086075
0.913224417115
0.399702007107
0.0
0.0
0.76662796513
0.969592087798
0.0
0.0
1.82063462944
0.0
0.0
0.0
0.0
0.0
1.91905509374
0.0
1.9870920302
0.678775425273
0.622228022288
0.0
0.0
0.266111467597
1.96615805441
0.482528756129
0.0
0.300512960446
0.0
1.99671324321
0.679138524878
0.631787986649
0.316289900262
1.85381474247
0.30088627056
1.96394217759
0.258429773326
1.97118866484
1.96416321591
1.89164639786
0.0
0.0
1.95576228734
0.0
0.0
0.0
1.86820766681
0.911362039823
0.0
0.0
0.0
1.88708422809
1.97686389982
1.99951395775
1.97804540572
0.0
0.0
0.0
0.0
0.0
0.0
0.0
0.0
0.578384067627
0.0
0.739667034086
1.89675217974
0.0
0.0
0.0
0.0
0.0
0.0
1.91362597796
0.0
0.0
0.776310451694
1.98907582257
0.0
0.539492338585
0.305770767095
0.0
0.195551569662
0.642788667151
0.0
0.824041425371
0.59004462147
0.689015213725
0.0
0.0
0.948782270506
0.0
0.564547764578
0.0
0.738002255745
0.0
0.0
0.0
1.98053824151
0.0
0.0
0.0
0.0
0.912160942352
0.661615208495
1.96086717769
0.0
1.99949080502
0.0
0.0
0.0
0.89119245921
0.0
0.0
0.544534611733
0.0
0.0
0.0
0.0
0.746399769973
0.189910316232
0.0
0.0
0.41829887652
0.934062819465
0.0
0.580439012633
0.0
0.0
0.0
0.0
0.0
0.8456077007
0.0
0.591443307283
0.0
0.169280084638
0.954918741689
1.84922527834
0.182969793123
0.0
0.0
0.753171027346
0.0
1.99109830492
1.9804282391
0.37866446331
1.9784120343
1.85936066948
1.99271086924
0.502516117677
1.99355000459
0.65380655091
0.0
0.0
0.0
1.87108540209
0.0
0.0
0.0
0.0
0.571198443704
0.222506940725
1.96066135624
1.91296466665
0.0
0.0
0.0
0.0
0.962432226064
0.0302605658547
0.0
0.0
1.98127162733
1.97907048188
0.0
0.0
0.0
1.98541183925
0.451484742388
0.0
0.425428926741
0.0
0.668659793821
0.224294931375
1.87050898861
0.0559483352644
1.98839092894
0.0
0.0
0.262934538784
0.0929493137579
0.24018017259
0.109853225513
1.98613946919
0.0
0.366372430833
1.92897156801
0.975577186182
0.0
0.752991313494
0.0
0.934629247144
0.0
0.0
0.184002006801
0.0
0.114321520633
0.810156023692
0.0
0.0
0.0
1.98682888046
0.912029856619
0.69460198184
0.416819962736
0.625993193794
0.0
0.0
0.0
0.56362421755
0.0
0.834312608037
0.252108253095
0.0
0.0
0.0
0.379299815115
0.0
0.0
0.0
0.796629770704
0.0
1.99694689117
1.96888274947
1.98870036346
0.172465077032
1.97117493577
0.0
1.97828847654
0.0
0.0
0.0
0.0
0.0
0.0
0.0
0.0
0.0
0.0
0.0
0.0
0.0
1.94750337299
0.608421915848
1.91969193411
1.9876750549
0.0
0.460325506946
0.0
0.0
0.575918129398
1.9995890831
0.112957680284
1.9025674
0.0
0.0
0.648203515371
0.56450118065
0.0
0.0
0.0
1.85163362658
1.99515978782
0.0
0.256148192114
0.358022984064
0.0
0.0
0.0
0.721646061305
0.0
1.94609123692
0.760401505573
0.248824198491
0.0
0.189497182126
0.0
0.0
0.0
0.952359443271
0.274000421017
1.98863072708
0.0
1.97522680454
0.447063748705
0.0
0.0
0.0
0.0
1.94713782262
0.0
0.0
0.0
0.171346993928
0.599879241055
0.0
0.385844025579
0.678916600815
0.0
0.0
1.98437760861
1.97935673154
1.88996125563
0.385475094475
0.586895966241
0.563387998789
0.148497920222
0.593152854766
0.562055008827
0.0
0.0
1.98719724378
0.0
1.99998327285
0.0
0.0697070355987
1.9978234362
0.0
0.0
0.386969648011
1.96775678435
0.490856968846
0.744145069187
0.0
1.9940255002
0.402080039806
0.0
0.0
0.437054380688
0.640378726277
1.88881903221
1.8995442894
1.96580119788
0.934485062156
0.826996830983
0.0
1.98346228673
0.423718479328
0.707462957051
0.0
0.608980133231
0.474524157987
0.0
1.99104868924
1.99789047423
0.0
0.0
0.0
0.188547732311
0.0
0.104280838846
0.0
1.9233709048
0.272425976453
1.99222356345
0.0
0.0
1.94074290565
0.163532701779
0.0
0.36540250789
0.0
0.0
0.0
0.0
0.0
0.783264128632
0.0
0.20028911741
0.801491414978
1.927286675
0.33231273113
0.0
0.0
0.206718701096
0.110365525282
0.890932051311
0.780900283479
0.0
0.244824831037
0.0
0.0
1.96838120956
0.249549364285
0.415465950793
0.674787108615
0.0
0.995172206341
0.312679843365
0.893182282494
0.0
0.70808317083
0.0
0.163577723803
0.0
0.191840073176
1.97214362449
0.635807475087
0.0
0.53847535166
1.99871166784
0.0
0.0
0.0
0.111730047912
1.93776420126
0.0
0.0
0.0
1.85981176746
1.97288657713
1.96004441181
0.750160436379
0.0
1.98181524781
0.0
0.898714595811
1.99375307003
0.0
0.0
1.91353291242
0.617212167241
1.99264939022
0.0
0.0
0.0
0.553007093412
0.0
0.0
1.99948941848
0.132107828649
1.88709954387
0.160635309238
0.0
0.0
0.0
0.0
0.236434425277
0.0
1.92396604972
0.0
0.0835930499003
0.0
1.99583756473
0.0
0.529684907305
0.0
0.989932698057
0.0
0.0
0.842876119953
1.98578087002
1.94661559998
0.0
0.693816569959
0.483007571451
0.0
0.0
0.32085938873
0.351019098063
1.91239409693
0.413054394196
1.9326319014
1.97814052068
1.94108822171
1.97499606746
0.0
0.648539555419
0.0
0.587154511925
1.92337245148
1.99790716802
1.94298142952
0.0
0.0
0.34667615589
0.0901077201941
0.431930822491
0.0
0.758515679001
0.720380773867
0.0
0.0
0.0
0.916977097329
0.0
0.682406684156
0.92376815324
0.229104398155
0.0
0.578129472861
0.0
0.110340594516
0.0
0.0
0.0
0.0
0.0
0.0
0.701985853263
0.0
0.0
0.742106974856
1.97583259117
0.484123235432
1.95194776436
0.0
0.0
1.96226265676
1.90810174651
0.230146106209
0.829828300615
1.99941815519
0.182654813991
0.835592046216
0.0
1.95559773516
1.97028432596
0.635416962063
0.522305154652
0.0
0.0
1.91733831972
0.0865378873951
0.409839535049
0.0
1.89138583472
1.92361021269
0.357716227412
0.282453891087
0.0
0.756717455565
1.8637157538
0.0
0.617058975016
0.0
0.293281512812
0.995429954385
1.95437816763
0.743790481871
1.89229068229
0.498480729908
1.96126445447
0.181942406058
0.0
0.0
1.99162787924
1.97666439862
0.932032771898
0.0
0.217293174332
0.0
0.0870015765548
0.0
0.0
1.97339767545
0.0
0.972333999467
0.393700251296
0.805649617966
0.582232113407
0.427956843314
0.0
0.0
0.0
0.0
0.84085980698
0.0
0.439704051931
0.765872287398
1.96845635234
0.0
1.95611279555
1.958896795
0.0
1.98154473704
0.0
0.0
1.99785026915
1.99878969138
1.94462839895
0.0
0.0
1.99835919358
0.567328820409
1.99043292274
0.0
0.0
0.856458715644
0.0
1.90653805912
0.340368989872
1.98050259318
0.0
0.0
0.0
0.21676898435
0.293775506759
0.0
0.0
0.20207559162
1.98406450877
1.87934377353
0.0
0.966795336178
0.0944890236307
0.0
0.869774858947
0.0
0.0
0.0
0.0
0.0
1.93152316434
0.860490710316
0.433586510026
0.680085989671
0.0
0.0
0.44112070434
1.94341454885
0.536434937248
1.94666084352
0.491017832585
0.0
0.0
1.98977840063
0.0
0.0
1.85714583919
0.0
1.887463941
0.393293030779
1.91440667986
0.0
0.722543321291
0.0
0.0343798023872
0.745813149695
0.0941864127882
0.0
0.153331847494
1.9425731545
0.711037194432
0.220468060735
0.715414034737
1.84007788394
1.99299369592
0.0
1.99689583055
0.0
0.0
0.0
0.0
0.790310992152
0.0
0.0
0.0
0.0
0.337248223105
0.0
0.0
0.0
0.0
0.0
1.9979034684
1.89183305582
0.0
0.279600460431
0.0
0.0
1.98865994434
0.0
0.642362751926
0.0
0.0
0.0
0.0
0.0
0.0
0.0
0.0
1.96652772953
0.0
0.0
1.9970603277
0.359807145473
0.0
1.99531499576
0.565249277725
0.0
0.0
0.0
0.0
1.95264803736
0.633307694574
0.0
0.345336504324
0.174794952401
0.0
1.94140856204
0.0
0.518999703427
0.0
0.0
1.9920421595
1.88692754365
0.0
0.0
0.751771471864
0.502378072312
1.99965393696
0.0
0.124973569773
0.0
0.0
0.0
0.445203412949
1.99952262873
1.99294889248
1.97877100633
0.545569501769
1.98931880882
0.832844120743
1.99997557591
0.918031629089
0.0
0.0
0.0
0.0
0.0
0.573041548274
0.47792469468
0.0
1.99187079663
0.0
0.884370933925
0.568792844262
0.350002020714
0.915950107527
0.475988353272
0.0
0.189631202203
0.655743592405
0.19320619951
0.0
0.324840082476
1.8788562945
0.0
0.651971767503
0.0
0.348635372721
0.0
0.0
0.0788178042389
0.0
1.99513790786
1.96116061628
0.0
0.179778588815
0.0
0.0
0.250184962334
1.92967120504
0.963728686552
0.352060021183
1.99968515133
0.0
0.0
0.0
1.99472671651
0.0
0.0
1.98910759443
0.385522294672
0.0
0.367010670699
0.0
0.0
0.248086668886
0.86349834029
0.0
0.0
0.0
0.564820564251
0.946862034473
0.0
0.0
0.0
0.378619385589
0.605969452284
0.0
1.88131403948
0.0
0.459813846254
1.99802429057
1.95444260101
0.689276057712
0.488193518642
0.0
0.0
0.874561590841
0.656484858014
1.98452235387
0.0
0.0
0.868166359848
0.478749902556
0.865286845271
0.789387133145
0.586770930806
0.0
0.84790207431
1.95051761892
0.0
0.831124213866
0.0
0.0
1.95294516617
0.0
0.0
1.99761509156
0.0
0.0
0.215148659237
1.90600223399
0.0832135430034
0.487680344738
1.96472377293
0.926446732412
1.99763282157
0.0
0.0
0.110202957804
0.0
0.0
0.0
1.99031332545
0.853642184261
0.0
0.0
0.5090610273
0.196972508721
0.617522319608
0.0
0.0
1.96299550904
0.0
0.750342156944
0.409420228991
0.514565909186
0.0
0.0
0.0
1.97103540046
1.97988575957
0.477495821895
0.642007247185
0.0
0.0
0.479921493873
1.98781880316
0.0
0.0
0.423122757497
0.0
0.336255544347
0.0
0.0
0.805875961999
0.373318624316
0.676882924862
1.99760201377
0.0
0.603019079462
1.89971651357
0.0
1.92030197043
0.0
0.0
0.132207002544
1.93871184176
0.0
0.888666699571
0.0
0.0
0.0
0.0
1.97624426864
0.279650634392
0.797931540895
0.0
1.98322649854
0.0
1.91842636573
0.595098004309
0.0
0.0
0.0
0.0
1.93706335015
0.0
0.903692110213
0.561351304704
1.99015420376
0.469193316841
1.98668102417
0.813150705337
0.0
0.467455142708
1.92963794678
0.0
0.0
0.0
0.723997549687
0.0
0.0
0.0
0.513544598742
0.0
0.360212346933
0.0
0.0
1.99949367334
0.659559212731
0.0
0.512329708704
0.436003727293
1.99476119745
0.0
0.848651584885
0.0
0.0
0.10897707224
0.0
0.0
0.892810767756
0.0
1.99862062206
0.782229086101
0.0
1.93156421121
0.91942628951
0.0
0.310962578188
0.858262559247
0.387615541881
0.377353951622
0.531340860329
0.526568490342
0.943282289813
0.492896684183
0.0
0.0
0.0
0.0
0.0285779856198
0.0
0.177273302996
1.93293366662
0.0
0.5638553054
1.99779193803
1.95962254781
0.0
0.904685669939
0.0
0.785158100415
0.606918545476
0.0
1.96900780237
0.0
0.0
1.99874171269
0.530064301009
0.0
0.0
0.587508182545
1.99322446222
1.99373079193
0.0
1.98722831632
1.96945805081
0.0
1.97539319642
1.99985492935
0.5364911189
0.0
1.94642380026
0.0
1.99030871619
0.518427220075
0.337949179171
0.914620206964
0.0
0.0
0.0
0.0793037113449
0.975042335416
0.783376953219
0.0
0.0
0.0
0.781984436425
0.542392584529
0.0
0.0
0.0
1.98829424182
0.0
0.0
0.32656087799
0.0
0.0
0.0
0.325012495801
1.99766517625
0.873397133156
0.628223924908
0.604498498123
0.0
0.922363244844
0.772076630505
0.0
0.49176406617
0.766487629363
0.334304633454
0.148119747011
0.833474411132
0.0
0.0
1.83382004826
0.948821191357
0.0
1.97991728718
0.802620766631
1.96602540364
0.0
0.619752619005
0.0
0.0
0.622883463211
1.9700436831
0.995665982317
0.0
1.99887970477
0.0
0.863367430666
1.88525504782
0.0
0.707990769313
1.97727179314
0.0
0.0
0.0
1.94247153992
0.0
1.99224141229
0.0
0.0
0.0
0.731626492909
0.60808123089
0.0
0.0
0.538709619536
0.0
0.0
0.0
1.92447093171
1.82583395681
0.0
0.0
1.9997275496
1.90117698419
0.0
1.84112514178
0.297271755858
0.118417722655
1.92648409922
1.92207006027
1.87506816318
0.0
0.0
1.93285560125
0.0
0.0
0.0
0.0
0.362363306268
1.99773483565
0.984975524024
0.44278231173
1.87151486711
0.0
0.830189785645
0.0
0.0
0.0
1.98119080312
0.915171420022
0.677120997451
0.473319521554
0.0
0.271616810292
0.311228855919
0.0
0.555050406068
0.0
1.99938006843
1.9946535476
0.0
1.9965580624
0.733998530749
0.785214763754
0.0
0.0
1.92505101594
0.656085075453
1.87354172661
1.89077676371
0.0
0.409746859696
1.99493018653
1.87728383763
0.0
0.790865612905
1.96745713315
0.217925577536
0.0
0.5683535311
0.0
0.0
0.0
0.859289245215
0.0
0.0
0.0
0.0
0.0
0.211524985647
0.0
0.214200862973
1.99345320626
0.668261791494
1.99845181967
0.874065709517
0.0
0.0
0.0
0.0
0.597439295072
0.0
1.97042018044
0.0
1.981717671
0.0
0.500469473744
0.0
0.0
0.523473582143
0.0
1.94744921467
0.632114784127
0.707020213544
1.87580935452
0.637247825324
0.0
0.0
0.0
0.0
0.0
0.0
0.0
0.1209120371
0.221499234814
1.88803798148
1.93693533274
0.244926340994
0.80954544828
0.368270925327
0.0
1.99162663803
0.0
0.0
0.588722689393
0.0
1.87668198802
0.344826059515
0.0
1.9870448092
0.0
0.820610291248
0.0
1.99800632886
1.92494493169
1.92829117977
0.73164277604
0.0
0.0916906383806
0.0
0.529323987446
0.879369651217
0.0
0.0
0.0
0.0
0.813850468137
0.107214716687
0.0
0.0
0.0
0.0
0.801610719977
1.95380007933
0.0
1.81313698711
1.90524227819
0.0
0.0
0.0
0.0
0.0579107780869
0.0
0.0
1.93453627171
0.0
0.0
0.0
0.0
0.0
1.97055557319
0.0
0.0
0.0
0.511090927601
0.0
0.0
0.0
0.0
0.0
0.0
0.0
1.9890480773
1.86564830435
0.0
0.0
0.0
0.0
0.0
1.99647558443
0.0527502024701
0.227822952193
0.0
0.446439473264
0.0
0.0
0.107712112189
0.0
0.0
0.0
0.187852763232
1.8439843514
1.99947855007
0.0
0.935432853131
0.0
0.751985361908
0.656205744912
0.0
0.859806448041
1.97116222787
0.0
0.0
0.0
0.0
1.9901530892
1.99466731044
1.99977061858
0.453562538822
0.0
0.203927803119
0.649339221875
1.94204686735
0.0
0.0
0.580501915002
0.0
0.0
0.0
0.694470267483
0.0
0.514330733449
0.0
0.0
1.938672081
0.0
0.574069536184
0.0
1.98345718698
0.0
0.0966479755311
0.263601739785
1.98157791696
0.0
0.0
0.0
0.381592673477
0.0
1.9965378559
1.97754999747
0.511397665614
0.518664278919
1.99930096874
0.803991001033
0.0
1.98180904127
1.87031521053
0.0
0.0
0.356647308122
0.0
1.90672324899
0.746361760936
0.647667751768
0.0
0.516548728012
1.97919490569
0.0
0.0
1.99935167068
0.766852079995
0.0
1.987634443
1.86126793144
1.89621962852
0.0
0.0
0.0
0.1986984035
0.0
0.109345559303
0.819902951252
0.970299882254
0.0
0.805044338893
0.628543451467
1.98511040997
0.0
1.97919367643
0.243930510982
0.623496483817
0.0
0.0
0.625469207882
0.0
0.211654771929
0.965573121273
0.0
0.0
0.0
0.666641926568
1.99160194759
0.575723569721
0.24476070334
1.95730692097
0.0
1.99941100503
0.0
0.0
0.637924321886
1.91074629575
1.81438593306
0.0
1.99868504581
0.36745118633
0.0
0.700958705029
0.0
0.0
0.0
0.676074387226
0.0
0.324504343587
0.654404404937
0.0
0.254176458563
0.0
0.196735983004
0.0
0.0
1.92539609389
1.99442869513
0.0
0.790900260845
1.99211661398
0.0
1.97497814349
0.0
0.0
0.726394907478
0.402352113241
0.0
0.0
0.0
0.396787077969
0.0
0.0
1.87098159404
0.0
0.0
1.98148719585
0.515548545991
0.0
0.924878418844
0.0
0.765384782568
1.81112226808
0.0
0.934169526216
0.0
1.98047046039
0.777297518281
0.0
1.98900725902
0.0
1.88506836425
0.543406615274
0.514658555041
0.0
0.451974145913
0.0
1.95766011459
0.0
0.0
0.0
0.0
0.962423323635
1.88339315089
1.93026490755
1.98349095616
0.0
0.0
0.0
1.92768518939
1.86728526648
0.0
0.0
0.72332643128
1.99921374917
0.656473473148
0.759548446526
0.0
0.0
1.98424703833
1.85639638072
1.97695326469
0.0
0.618040467784
1.96468629246
1.99719187195
0.620032240465
1.94930864828
1.90548675072
0.0
1.99995324299
0.0
0.0
0.0
0.605305008021
0.187391707407
0.0
0.504416638305
0.466187066963
1.95905630887
1.97356210755
0.616078019554
0.0
0.0
1.90448678679
0.0
0.0
0.460536524396
0.522296660296
0.0
0.636589316761
0.0
0.0
0.0
0.0
0.241633459011
0.0762076014699
0.514772695399
0.435544913021
0.0
1.98649831368
0.0
0.0
1.95293775534
0.0
0.0
0.0
0.487036920684
0.0
0.0
0.0
0.4831210405
0.234309013176
0.376817142052
0.930322401709
0.0
1.98367390816
1.98091978061
0.0
0.0429234304685
1.95967003153
0.0
0.0
0.0
0.0
0.74887842537
0.0
1.90081279328
0.0
0.282357186655
0.33840173745
0.0
0.0971422929536
1.86974525999
0.0
1.96643428809
0.174140537356
0.0
0.0
0.0
0.507344619828
0.0
0.0
0.363691400801
1.94816732627
0.811645388788
0.0
0.0
1.96419056977
0.60043894845
0.536852444811
1.97316189567
0.806019038614
0.566788071289
0.0
1.93234916808
0.0
1.99687559199
1.9581962194
0.0
1.94436396243
0.779332478057
1.95976434372
0.0
0.0
0.0
1.854570827
0.0
0.288501870268
1.96774643461
0.736736397974
0.882262991844
0.0
0.0
0.0
0.0
0.0
1.99846696925
0.465209008154
0.0
0.0
1.95265276949
0.0
1.90740087364
0.0
0.473507767333
0.250226758874
1.94941913674
0.0
0.632132616739
0.63063875241
0.0
0.0
1.97035707859
0.0
0.0
0.0
0.513262444764
0.0
1.94899602075
0.0
0.0
0.360895346561
0.0
1.99898190173
0.0
0.0
1.95229351039
0.0
0.0
0.0268788034015
0.0
1.87586225949
1.85182968147
0.0
0.0
0.0
0.0
0.908440403845
0.0
0.64717892709
0.2211672624
0.179594678799
0.0
0.221825211847
0.414419894965
0.15786563032
0.0
0.446995438123
0.0
0.0
0.0
0.0
0.230255634075
0.0
0.731711929315
1.89155003907
0.0
0.395860447
0.939930253805
0.0
0.875301155133
0.102163961845
0.144178785815
0.0
0.0
1.8441912673
0.410609794476
0.0
0.0258089091723
0.0
1.90353207345
0.0
0.0
0.141938612663
0.17686474655
0.0
0.925203283877
0.0
0.0
0.795794085741
0.54522118329
0.0
0.0
0.0
0.283885527603
1.98465460355
1.9987528434
0.0
0.841869186925
0.0
0.475382457274
0.0
0.181509845738
0.96719751956
0.0
0.0
1.98896942367
0.443451092186
0.650038468672
1.95224274117
0.700012173195
1.99102779816
0.0
0.0
0.0
0.721422135377
0.672424457459
0.653908982412
0.0
0.0
0.0
0.0
0.115606220249
1.98817874819
1.87525454172
0.0
0.0
1.98842625383
0.0
0.0
1.99747987052
0.0
0.529508634718
0.0
0.0
0.0
0.0
0.0
0.0
1.94582312798
1.95161232855
0.0
0.0
0.0
0.657596082352
1.89919242774
0.0
0.283261773191
0.0
1.98406822345
0.507847464973
0.0974123344259
0.545478633376
0.0
0.0
0.671647132258
1.96616654353
0.908479245037
0.0
0.887058746332
0.0
0.593903548286
1.97543861576
1.99520549519
0.0
0.0
0.0
0.0661059806134
0.0
0.0
0.0
0.0
0.0
0.651716724022
0.0
1.91984106093
0.0
0.112378741878
0.0
0.379325189592
0.0
0.0
1.81233214507
0.0
0.80363798207
0.235972626926
0.247441253886
0.0
0.367016872576
0.0
1.9587032141
1.97958696633
0.0
0.0
0.0
0.0
0.0
0.224705768967
0.954082192623
0.889363058403
0.653179995682
1.99283475127
0.990951216345
0.0
0.0
1.95036273441
0.109934536988
0.0
0.0
1.99715397136
0.848937111395
0.912254046498
0.586736909147
0.0
0.0
0.0
1.96582701876
0.0
0.0
0.865281352221
1.9400056089
0.171936705421
0.0
0.0
0.0
0.0
0.835470653885
1.93149071959
1.99842068117
0.0
0.520983449498
0.0
0.0
0.0
1.99713660166
0.702326362244
1.98663126983
0.0
1.97751501799
0.0
0.0
0.0
0.0
0.647478332639
0.366372210881
1.99330687281
0.0
0.0
0.0
0.989467929559
1.88205327527
0.0
0.0
0.0
0.0
0.0
0.0
0.645734724066
1.94002694589
0.52453711441
0.0
0.0
0.242608895658
1.95993097897
0.0
1.99633844869
1.95191982282
0.0
0.0
1.86310008929
0.796757418697
0.22455410599
0.0
0.363729449903
1.99511045868
1.99820070372
0.0
0.0
0.0
0.0
0.0
0.0
0.0
0.186334952127
0.405403792078
0.496288123521
0.940243976404
0.0
0.507806620948
0.0
0.0
0.0
0.465112388655
1.95386435057
0.511007565016
0.0
0.0
1.99835821415
0.787918258918
0.0162637028589
1.99639477024
1.92816802389
0.116267381757
0.0
0.0
0.491177144756
0.0
0.0
0.766442682107
0.0
0.0
1.98738033546
0.0624768872065
0.0
0.0
0.0
0.0
0.0
0.752593288181
0.245633514209
0.0
0.40198838129
0.764950677224
0.0
0.0
0.0
0.0
0.950845996458
0.0
1.94084401059
0.602083207463
0.538775713662
0.0
1.99330680607
0.702447678243
0.758440534632
0.206677473429
0.961856655004
1.99393537932
0.732627057595
0.786411472032
1.81394438953
0.0
0.0
0.530927939866
0.0
0.0
0.0
1.90169701347
1.99510476481
0.0
1.99057001242
0.67385735523
0.0
0.0
0.0
0.0
1.99947367696
0.36799355105
0.0
0.0
0.608387854595
0.0481526962122
0.965201658537
0.990511402134
0.796806981046
0.615113288714
0.662102755362
0.0
0.847884517778
0.0
0.0
0.0
0.955814706133
0.639560585205
0.71021350795
1.88552437417
1.94754668085
0.289330444282
0.651946862588
0.0
0.35678968998
0.0
1.8438150218
1.99789309832
1.89590102269
1.99600659475
1.92433099684
0.146419269771
0.0
0.0
1.85844588353
0.0
0.0
1.94366184639
1.99395669723
0.429604106483
0.0
0.20455394199
0.616286516119
1.99652960586
0.0
0.0
0.20461063676
0.0
0.0
0.445990425765
0.0
0.0
0.0
0.0
0.379003232381
0.0
0.0
0.0
0.0
1.99144804708
0.70759202875
0.0
0.0
1.96401781337
0.0
1.99250232848
0.0
0.0
0.0
0.0
0.0
0.916645122923
1.99928229437
0.0
0.403785694676
0.0760650682094
0.27857567484
0.644632752429
0.133485916312
0.0
0.0
0.0
0.0830070551968
1.87407141015
0.64876023395
0.0
0.716356885697
0.125539170063
0.0
0.0
0.0
0.0
0.0
0.0
0.24131660893
0.0
0.0
0.0
0.0
0.0
0.0
0.0
0.0
0.0
0.100796460329
1.96575015036
0.0
0.0
1.92951618737
0.442921620376
0.0
0.0
0.0
0.449330401962
0.0
0.217296664802
0.0
0.212545070143
0.205063575507
0.759929857184
0.0
0.0675285140908
0.417817557573
1.99878551769
1.96057329129
0.0
0.717398126047
0.372166255301
0.0
0.716250907978
0.0
0.663393248555
0.0
1.83317867133
0.928186732672
0.0
0.0
0.817003805017
1.97015763839
0.0
1.97803190775
0.401796980714
0.0
0.0
0.0
0.0
0.0
0.289522700965
1.99715370159
0.0
0.0
0.0
0.382931117759
0.387376987192
0.18424283157
0.0
0.0
0.935812177999
0.509113135115
1.82768745373
0.0
1.83767024879
0.0
0.0
0.666202461127
0.354707892005
1.93883462432
1.95655219033
0.0
0.0
0.0
0.676685905889
0.0
0.0
0.0
0.0
0.0
0.0
0.0
0.136543297448
0.639197020344
0.236209694104
0.904176167566
0.76556628294
0.0
0.121883812189
0.0
0.362202516047
0.0
0.0
0.0
0.401622921727
0.493793861697
0.0
1.94255937308
0.690366358103
0.0
0.479163315688
1.84339264311
1.97651829607
0.0
0.258223751067
0.884978639248
0.56457090964
0.677913834573
0.0
0.547016551089
0.701832801113
0.549812225614
1.97244770305
0.0
0.0
1.9964559221
0.926334363757
0.93015313687
0.0
0.860217238646
0.156664863239
0.0
1.99220874369
0.697918489162
0.481038788727
0.0
0.0
0.160489068665
0.0
0.572597708733
0.0
0.28107390096
1.97361171794
0.374810489909
0.705775157813
0.874283194259
0.129482518447
0.0
0.339544524793
0.0
0.787909406068
0.0
1.87461066315
1.87886141002
1.9952969187
0.0
0.0
0.142892678979
1.98233001092
0.706423817083
0.219638844855
1.99414898986
0.371350609069
0.202488193258
0.593862792542
1.9038358095
0.0
0.0
0.0
0.0
0.0
0.799497195861
0.0
1.98018887062
0.0
0.580238481135
0.444418031732
0.740490721621
1.99956125383
0.458054309586
0.0
1.98416344908
1.99302207407
1.93253062933
0.0
0.611897614827
0.0
0.392514538431
0.0
0.0
0.339576319969
1.96504633152
0.0
1.98990314277
0.0
0.346574331451
1.86254584843
0.476808160207
0.836066707913
0.0
0.0
0.885768668007
1.89999300009
0.816464384955
0.0
0.555941534693
0.0
0.623054772763
0.73380130452
0.0
0.0994887034878
1.96154016674
0.0
0.0
0.0
0.0
0.670692851605
0.0
0.0
0.0
0.0
0.0
0.0
0.0
1.92370551705
0.0
0.193948060909
0.0488094058862
0.0
0.804744671794
1.99708043002
0.605008773875
0.0
0.0
1.98721601095
0.0
0.825664525605
1.99219827243
1.95006702577
0.392985199904
0.164209649191
1.97678764838
0.0
0.0
0.0
1.98330330906
0.0
0.545384853639
0.0
0.901629105225
0.946995956211
0.0
0.0
1.98054869343
0.271637604805
0.984458026584
0.0
0.0
0.822566589671
0.0
1.85228469517
0.0
0.761415368634
1.94130740862
0.0
0.0
0.0
0.0
0.0
0.0
1.99260586468
0.0
0.830967308904
0.978888385281
0.0
0.0
0.556358378117
0.0
0.0
0.0
0.366345819837
0.380374045821
0.169900692705
0.0
0.0
1.92244275619
0.0
0.0
0.0
0.0
1.97334298496
0.0
0.0
0.454148720447
0.0
0.0
0.397689008485
1.97615671316
0.0
0.371914553078
0.193393370884
0.0
0.0
1.83958833706
0.0
0.0
0.0
0.0
0.0
0.560415600381
0.612816574582
0.0
1.83138468683
0.0
1.99573064937
0.0
0.488968807903
0.540987737957
1.83847774721
0.0
1.94986237615
0.793021012495
1.86983110197
0.0
0.0
0.47956207645
0.0
1.93181898831
0.769358053455
0.370384693433
0.0
0.0
0.0
0.410574937615
1.95015095841
0.54760429012
0.674000180175
0.707286819561
0.0
0.0
1.84915003019
0.0
0.296659284185
0.635001814997
0.0
0.571470095335
0.83916058326
1.89434844617
0.24071484611
0.958333044868
0.380343832633
0.0
0.0
1.98314340741
0.578900503794
0.0
1.99526878551
0.0
1.99885345499
0.0
0.0
0.502206038739
0.0
0.0
0.0
0.38301406772
1.9690129431
1.98265690167
0.0
0.396464512532
0.0
0.973748140355
0.0
0.499594128482
0.1998447993
0.0
0.0
0.0
0.785741099827
0.0
0.0
0.360504539492
0.556089534092
0.760606570693
0.505169707926
0.114613879915
0.824678969252
0.927965954223
0.0
0.0
0.0
1.92067805698
0.150090461399
1.99727935468
0.0
1.99531879097
1.88780359502
0.0
0.0
0.0
0.465840132412
0.288108746996
0.831356167456
0.0
0.0
1.99837826208
0.745466784518
0.159694528389
0.0
0.717806245393
0.157043975428
1.97164429699
0.0
0.0
0.619056358062
0.0
0.696661317435
0.33484932897
0.0
0.0
1.86039211106
0.0
0.0
0.194547654594
0.0
0.0
1.93562041411
0.0942871202209
0.0
0.0
1.93280279976
0.0
0.255300772723
0.524632965753
0.0
1.96757965051
0.0
1.84546496749
0.0
0.0
0.261593338477
0.0
0.0
0.0
0.865362590468
0.0
0.552640621501
0.0
0.382950843803
0.150343301137
0.839635886337
1.99203783168
0.948810185618
0.0
0.0
0.0
1.96584065311
0.0
0.0
1.94790097169
0.0
0.636905498493
0.0
0.0
0.0
1.99591309171
0.0448851921192
1.99157365616
1.99834566227
1.99905818129
0.880494042933
1.97756657844
1.96769876289
0.977198989194
0.0
0.411983931295
0.0
0.179625192045
0.922174457443
0.748069799345
1.99427262973
0.0
1.92024451691
0.0
0.0
0.253007982738
0.0
1.91639109904
0.0228003212451
0.0
0.0
0.0
0.642293917603
1.99189089225
0.0
0.0
0.207397261907
0.768682267715
1.9477540844
1.83833745049
1.99917769143
0.81977991157
0.0
0.0
1.98210422837
0.237138719409
0.88171801152
0.912996571144
1.99892571812
0.410093466599
0.463762469872
0.564655139074
0.0
0.613065884427
0.654836149307
0.195407758464
0.0
0.0
1.98319387576
0.772522324845
0.0
0.556523170916
0.0
0.0
1.99146167444
0.0
0.448804059127
0.0
0.167386888583
0.51850295251
0.0
0.0
0.0
0.0
1.96513765326
0.0
0.0
1.96477113595
0.91846522645
0.0
0.0
0.0
0.0
0.84545248943
0.0
0.109479875011
0.714505553903
1.91502149046
0.0
1.84216458153
0.769303772254
0.0
0.0
1.86983746985
0.0
0.0
1.98590727306
0.0
0.0
0.0
1.94604976034
0.307647148742
0.680649452777
0.597132112504
0.0
0.580716056271
1.83005171674
0.389180374697
1.99845902826
0.0
1.99590155645
1.98002710307
1.96175198989
0.0
0.0
1.96533060447
0.29485255847
0.0
0.0
0.0
0.425650508765
0.0
1.99874763374
0.630504368768
0.0
1.97215772567
0.486835497323
0.0
0.0
0.23016190088
0.228031359499
0.668675773863
0.976054508371
0.0
0.0
0.225684165318
0.130600046974
1.88845796425
1.98378722961
0.0
0.0
0.0
0.7799583647
0.0
0.78337212591
0.467877317282
1.97744952739
0.129361406061
1.90165503801
0.0
0.568900474056
0.0271622514841
0.0
0.0
0.0
0.451933841833
1.93576990798
0.304858390774
0.0
0.0
1.98628428828
0.727061047546
1.96573629711
0.0
0.672061672734
0.0
1.92984504852
0.728100114235
0.76458328338
0.503208473742
0.0
0.0
0.631087621944
0.0
0.0
0.353938941546
0.0
0.607633489869
0.0
0.847642254623
1.94201863944
0.108781488463
0.0
0.0
0.0
0.580086656422
0.967904889895
0.578285195052
0.0
0.0
0.0
0.0961089179721
0.297709678431
0.286837338724
1.870207015
0.0
0.609816599315
0.89797122056
0.856021786946
1.95701696802
0.25409558254
0.0
0.0
0.783329458433
0.704151084572
0.0
0.857510244475
0.680366989632
1.80073292666
0.100836201738
0.0
1.95928551399
0.0
0.307248126486
0.87549185064
0.0
0.0
0.0
0.0
0.0
0.0
0.0
0.0
0.0
0.0
0.85877791046
0.0
0.0
0.0
0.0
0.592689653983
0.0
1.98140125594
0.0
0.0
0.960110336934
0.0
0.0
0.332143393718
0.0
0.557905312115
0.408545673131
0.0
1.98650943913
0.0
0.0
0.716435557432
1.97356653888
0.0
0.507640896942
1.94501819337
0.408673580563
1.99898941153
0.0
0.0
0.880532029734
1.84935692721
0.0
0.0
0.0
0.0
0.29618647836
1.97678444711
1.932923739
0.570834317609
1.8899412874
0.380323332198
0.136726444023
0.271103235896
0.652348266195
0.921644621899
0.0
0.398024486782
0.681448911527
0.0
0.0
0.814181574216
0.0
0.074455547456
0.0
0.0
1.97182396871
0.0
1.95593405677
0.678547264714
0.0
0.31795703127
1.93698973733
0.0
0.439954930766
0.0
0.20571691418
0.0
0.473176472283
0.591386450522
0.0
0.642129834637
0.230229482638
0.0
1.99953282577
1.98256701203
0.0
1.99349035162
0.0
1.97655210098
0.333378376197
0.0
0.0
1.86239273321
0.0
0.232165556221
0.0
0.0
1.94530114142
1.9984270252
0.0
1.96902095067
1.80832486854
0.0719821644495
1.83998457454
0.869437410789
0.652550900432
1.97039252419
0.0
0.0
0.0
0.582911627086
0.0
0.0
1.99767480438
0.690198051644
0.0
0.0
0.593664136591
0.0
0.0
0.249729439418
0.451275722666
0.0
0.115932547959
0.927963292465
1.99086940294
0.0514189521839
1.95505353052
0.0
0.0936177128842
0.0
0.0
0.893967994781
0.0
0.0
1.9217507429
0.879996720584
0.410934108663
0.380730774865
0.0
1.99558579531
0.0
0.0
0.641854372152
0.0
0.0
0.0
0.0
0.0
0.0
0.793497949015
0.532914191754
0.635767010398
1.85245084565
0.428585749917
0.0
0.0
0.212245072214
0.904150482628
0.778034800266
0.0
0.0592388754754
0.909040036668
1.98447246353
0.63529148209
0.660096654925
0.0
0.0
0.0
0.80028824566
0.0
1.96643443849
1.99541452903
1.98427293263
0.0
0.438506439976
0.0
0.951893794294
1.91630453369
1.98227838731
1.99392622304
0.787518107229
0.0
0.0
1.99435435538
0.0
1.9361249186
0.0
0.912630938598
0.0
0.0
0.505070384788
0.803773078407
0.0
0.0
1.98105450729
0.39398721969
0.0
0.617998588142
0.257716002493
0.0
0.26948226999
0.0
0.828661563574
0.0
0.608325075258
1.97666021898
0.688985828171
0.0
0.540780871285
0.0
1.99996707562
0.0
0.0
0.0
0.238677940241
0.0
0.514101917546
0.0
1.96017052395
1.99183522599
1.93198294347
0.0
1.97346531661
0.0
0.289951505862
0.181042195766
0.0
0.0288997682172
1.96956828997
0.0
0.485263797334
0.224756607733
0.0
0.0
0.0
0.0
1.99597331812
0.33019823391
0.331344085781
0.0
0.0
1.89428793463
0.0
0.889894455371
0.109544970802
0.377289367488
0.0
0.730654600536
0.0
0.717344257829
0.72656972957
0.85218486716
0.68304979348
0.0
0.0
0.0
0.0
0.0
0.0
0.0
0.0
0.0
0.0
0.0
0.0
0.104537577487
0.37330494506
1.84686725573
1.86451965545
0.469131023873
0.425836354406
1.98609414077
1.98757941918
0.0
0.787441816852
0.597226506134
0.527840866704
0.0
1.97596243312
0.0
0.583681996339
1.92262318055
0.0
1.93111123755
1.9976710346
1.98205177066
0.0
0.0
0.0
0.0
1.96989792726
0.346008739256
0.0
0.236772307808
0.959755270549
1.91392015465
0.725393310372
0.820204227128
0.385174319033
0.0
0.0
0.0
0.0
0.0
0.0
0.20250515861
1.95971688123
0.0
0.0
0.402175965258
0.0
0.0
0.0
0.716165521321
0.585141585485
1.9763296903
1.88791846597
0.0
0.0
0.095533627077
1.96303298402
0.374695625018
0.908358992872
0.489285882364
0.305393105457
0.982819282951
0.0
0.0
0.736608459271
0.0
1.99355761589
0.709333662644
0.0
1.99700981232
0.0
0.0
0.394715410786
0.694163009676
0.542303044276
0.0
0.993962143119
0.0
0.503842884361
1.98233391922
0.380667705246
0.0
0.0
0.987205260597
0.0
1.97917730692
0.0
0.645323067469
0.0
0.811990798312
0.20325977083
0.240066098937
0.0
0.854340625578
1.92476211444
0.0
0.645548375314
0.0
0.631988628924
0.0
0.0
0.0
1.9687206645
0.43955153143
1.9873899769
1.87049908789
0.0
0.0
0.767725380835
0.87907060033
0.721376818718
0.0
0.687734875721
0.0
0.108182075695
0.0
0.0
1.99916189933
1.91430659392
0.0
0.0
1.98728044517
0.0
0.0
0.0
1.99304259542
0.69558507037
0.451089193882
0.543999609
0.814256228512
0.0
0.0
0.469964747174
0.672066010991
0.730210166762
0.246439545888
0.0
0.333858403292
0.676473570164
0.692279369027
1.95138696556
0.985346770406
0.0
1.85359800846
0.781385137515
0.628254798754
1.9967697133
1.95402538228
0.0
1.9417524405
1.99552970164
1.81351064601
0.787165565228
0.0
0.0
0.0
0.0
0.0
0.0
0.143944969143
0.23698244468
0.75373665267
0.0
0.0
0.0
0.0
0.142090638687
1.97416971958
0.0
0.0
0.0
0.0
0.753226693286
0.147686382763
1.97232470385
0.277857786266
0.0
1.97761759887
0.535962272587
0.162698602418
0.935534941564
0.436102486252
1.97949206342
0.0
0.366280430238
0.375862722613
0.0
0.0
0.235989775139
0.0
0.650081687446
0.690763479137
1.9719870334
0.0
1.97778646519
0.967638291282
0.798713285938
1.84853302073
0.0
0.0
0.0
0.841710881491
0.55055706854
0.0
0.0
1.95634375614
0.671950458164
0.0
0.483353013278
0.0
0.458952617101
0.583363067141
0.0
0.0
0.0
1.85629095381
0.0
0.0
0.425025276692
0.212549307012
0.17545525192
0.0
1.93176996821
1.99459234664
0.0
0.0
0.663875087275
0.0
1.93280076925
0.0
0.0
0.0
0.0
1.93307991546
0.443169672407
0.0
0.186408745989
0.24945133726
1.99873072722
0.0
0.198427547372
0.0
0.0
0.750673903641
0.772310285379
0.366276171845
1.93800619006
0.0
0.0
0.8828310808
0.318141845737
0.209610637415
1.97780871236
0.581538231384
0.138228750491
1.9733214686
0.0
0.0
0.124556088924
0.0
0.0
0.0
0.0
0.0
0.0
1.97268914044
0.0
0.0
1.95719644889
0.956528569059
0.495717590156
1.87796253195
0.0
0.0
0.0
1.92954569192
1.90426487783
0.0
0.0
0.962312992363
0.0
0.685937099999
0.20975806743
0.0
0.0
0.0
0.0
0.0
1.93860601386
0.0
1.98705756326
0.0
1.99907584956
0.852193936238
0.324263009504
0.438868621375
0.0
1.92429751876
0.682689254205
0.371582270773
0.40849765924
0.0
0.0
0.0
0.118004937538
0.0
0.0
1.99807799113
0.44555598934
0.0
0.507475848851
1.98671446937
0.0
0.727842186089
1.84062192162
1.97789006184
0.579797513213
0.95962905851
0.871356949793
0.409093750218
0.678552448656
0.0
0.977519521125
0.0
0.440748324896
0.0
0.0
0.927415883445
0.186241004516
1.99754225704
1.98893961283
1.89312904727
0.842023897494
0.0
0.0
0.0
0.0
0.921901153345
1.98707386615
0.984731305453
1.98094332329
0.805369184801
0.0
1.9843968239
0.0
0.0
0.0
0.420302133692
0.0723641463717
0.867291725235
0.782927680865
0.645817313206
0.0
0.0
0.90909315834
0.0
1.99076559422
0.0
1.95800388319
0.922542837773
0.0
0.0
0.0
0.0
0.0
0.0
0.0
1.97419361138
0.0
0.0
0.0
0.0323099697214
0.0
0.815775577946
0.678293261599
0.618213561883
0.693207309856
0.619974535866
0.0
1.99504612969
0.0
0.0
1.97927879128
0.601547736038
0.0
1.95840025735
0.408756084268
0.420685639352
0.819966709906
0.0
0.175545850132
0.456823500548
0.0
0.468028400402
0.0
0.429936502196
1.98736719351
0.0
0.868542644914
0.200878743718
0.652148032749
0.0
0.230251475462
0.0
0.0276691248961
1.84056811197
1.99547962105
0.0
0.929383493958
0.0
0.0
0.503427498292
1.91552931717
1.99734640513
0.0517162163932
0.0
0.0
0.476912876883
0.0
0.0
0.718729660385
0.0
0.0
0.23587016134
0.0
0.0
1.6086595076
0.0
0.262741638378
0.377028801263
0.0
0.0
0.219708883916
0.0
0.0
0.0
0.890441469303
0.0
0.0
0.0
1.96748828151
0.830950412858
0.0
0.0
0.0
0.891898326831
1.99559500428
1.99555164342
1.94295863947
0.73356543918
0.0
0.0
0.0
0.0
1.97656869856
1.99568823217
1.99694087356
